src_1 1:
[array([[[  6.9474144, 381.92496  ]],

       [[  9.888457 , 151.44504  ]],

       [[ 49.847256 , 148.6459   ]],

       [[ 65.2898   , 116.014145 ]],

       [[ 77.92275  ,  52.847336 ]],

       [[ 88.718636 , 191.18399  ]],

       [[ 99.443085 , 117.20811  ]],

       [[113.340034 ,  49.54725  ]],

       [[116.02868  ,  35.619595 ]],

       [[155.8992   ,  61.272892 ]],

       [[194.80289  , 175.82918  ]],

       [[197.84776  , 290.98782  ]],

       [[209.51196  , 277.02518  ]],

       [[215.79828  ,  79.87423  ]],

       [[218.95375  ,  65.67108  ]],

       [[219.82753  , 395.99765  ]],

       [[250.82802  ,  16.972557 ]],

       [[298.00858  , 267.3401   ]],

       [[298.54492  , 383.4829   ]],

       [[304.02164  , 274.10596  ]],

       [[311.69388  , 404.9635   ]],

       [[311.69388  , 404.9635   ]],

       [[318.40167  , 263.308    ]],

       [[318.89584  , 289.42368  ]],

       [[336.7388   , 275.994    ]],

       [[342.66495  , 311.0861   ]],

       [[342.82895  , 290.82565  ]],

       [[342.8744   , 272.53937  ]],

       [[352.16364  , 417.10977  ]],

       [[354.52136  , 275.01105  ]],

       [[358.4097   , 414.59756  ]],

       [[361.28876  , 130.5549   ]],

       [[362.63507  , 124.13372  ]],

       [[366.1917   , 129.2073   ]],

       [[368.92743  , 141.39154  ]],

       [[371.61627  , 129.11473  ]],

       [[377.08902  , 285.34866  ]],

       [[379.95142  , 275.85767  ]],

       [[390.52792  , 230.51605  ]],

       [[393.42108  , 273.53525  ]],

       [[401.4502   , 310.20767  ]],

       [[421.1814   , 263.79193  ]],

       [[421.1814   , 263.79193  ]],

       [[423.46518  ,  95.217995 ]],

       [[426.41852  ,  90.90737  ]],

       [[426.52307  ,  78.817604 ]],

       [[434.59537  ,  35.73373  ]],

       [[436.45105  , 272.45288  ]],

       [[443.97675  , 213.12463  ]],

       [[451.39737  , 275.84946  ]],

       [[454.36227  , 224.40327  ]],

       [[457.57904  , 293.6672   ]],

       [[461.7405   , 278.0192   ]],

       [[463.78162  , 353.1961   ]],

       [[463.91785  , 361.37207  ]],

       [[466.97937  , 295.3051   ]],

       [[469.94342  , 433.3003   ]],

       [[471.14093  , 283.16614  ]],

       [[473.00262  , 230.27457  ]],

       [[476.04126  , 246.45541  ]],

       [[476.04126  , 246.45541  ]],

       [[476.10352  , 207.45515  ]],

       [[479.2905   , 367.73465  ]],

       [[490.14786  , 403.32373  ]],

       [[494.47256  , 374.4775   ]],

       [[501.76132  , 398.1145   ]],

       [[504.07886  , 217.72142  ]],

       [[509.68198  , 233.91344  ]],

       [[509.81577  , 280.0726   ]],

       [[511.23517  , 232.7714   ]],

       [[511.23517  , 232.7714   ]],

       [[516.2966   , 265.99884  ]],

       [[531.2282   , 308.62085  ]],

       [[535.9846   , 302.6944   ]],

       [[537.65173  ,  29.11255  ]],

       [[540.8007   , 296.79733  ]],

       [[553.8199   , 300.60864  ]],

       [[557.7857   , 409.9152   ]],

       [[558.6026   , 320.46677  ]],

       [[571.05237  , 416.23688  ]]], dtype=float32)]
dst_1 2:
[array([[[580.94635 , 372.8254  ]],

       [[404.54556 , 389.36386 ]],

       [[271.0026  , 248.99043 ]],

       [[ 95.85258 , 382.9055  ]],

       [[ 95.85258 , 382.9055  ]],

       [[418.56653 , 384.5799  ]],

       [[185.21788 , 322.06116 ]],

       [[185.21788 , 322.06116 ]],

       [[185.21788 , 322.06116 ]],

       [[139.26784 , 401.569   ]],

       [[ 25.599926,  95.72802 ]],

       [[  9.996783, 267.22327 ]],

       [[ 35.36246 , 205.94815 ]],

       [[ 25.599926,  95.72802 ]],

       [[ 29.680988,  81.12348 ]],

       [[ 80.750114, 422.12787 ]],

       [[ 63.567574,  34.48342 ]],

       [[ 99.46423 , 291.98602 ]],

       [[148.79431 , 411.72894 ]],

       [[104.99272 , 298.40604 ]],

       [[165.96558 , 431.13596 ]],

       [[165.96558 , 431.13596 ]],

       [[118.08017 , 287.35    ]],

       [[118.058304, 313.23947 ]],

       [[134.79848 , 300.0434  ]],

       [[144.64365 , 337.1877  ]],

       [[146.66267 , 316.88144 ]],

       [[143.46346 , 297.87897 ]],

       [[208.70253 , 442.7428  ]],

       [[156.53938 , 301.2488  ]],

       [[213.37778 , 439.3941  ]],

       [[165.03752 , 156.8156  ]],

       [[166.85898 , 150.99136 ]],

       [[169.52411 , 156.37874 ]],

       [[172.60632 , 167.83833 ]],

       [[175.325   , 156.48134 ]],

       [[173.70981 , 309.85333 ]],

       [[177.97922 , 301.5021  ]],

       [[185.83632 , 260.6614  ]],

       [[189.91187 , 299.16266 ]],

       [[204.3866  , 335.95624 ]],

       [[213.32585 , 289.26596 ]],

       [[213.32585 , 289.26596 ]],

       [[223.17784 , 126.11176 ]],

       [[226.55772 , 122.48402 ]],

       [[226.69379 , 110.1969  ]],

       [[235.59508 ,  69.54742 ]],

       [[229.12305 , 299.1746  ]],

       [[237.16032 , 241.62033 ]],

       [[243.03006 , 303.05484 ]],

       [[245.65489 , 252.27333 ]],

       [[248.7144  , 320.038   ]],

       [[251.94469 , 304.872   ]],

       [[251.97957 , 378.55954 ]],

       [[251.23312 , 384.77063 ]],

       [[256.27856 , 321.03757 ]],

       [[257.45325 , 454.70694 ]],

       [[260.85892 , 310.093   ]],

       [[260.15717 , 277.14133 ]],

       [[265.3407  , 274.4081  ]],

       [[265.3407  , 274.4081  ]],

       [[264.19846 , 236.24617 ]],

       [[264.72025 , 391.4742  ]],

       [[276.2908  , 424.53326 ]],

       [[280.2823  , 397.8272  ]],

       [[286.03705 , 420.777   ]],

       [[290.9033  , 246.61661 ]],

       [[299.26065 , 262.5092  ]],

       [[295.24774 , 306.63052 ]],

       [[299.26065 , 262.5092  ]],

       [[299.26065 , 262.5092  ]],

       [[302.1096  , 295.3155  ]],

       [[314.4406  , 334.4537  ]],

       [[318.87173 , 328.91254 ]],

       [[325.24823 ,  70.56039 ]],

       [[324.97433 , 324.14862 ]],

       [[335.24347 , 327.08966 ]],

       [[351.81583 , 429.88245 ]],

       [[340.0394  , 346.59363 ]],

       [[363.1548  , 435.28387 ]]], dtype=float32)]
src_2 1:
[array([[[ 24.254917 , 361.36826  ]],

       [[ 37.345055 ,  64.202354 ]],

       [[ 52.29287  , 429.55762  ]],

       [[109.468925 , 232.74203  ]],

       [[124.20311  , 225.999    ]],

       [[131.13939  , 400.31558  ]],

       [[169.04634  , 264.15692  ]],

       [[178.96329  , 246.58954  ]],

       [[187.34303  , 119.17862  ]],

       [[207.77568  , 210.62114  ]],

       [[220.82108  , 324.93802  ]],

       [[220.82108  , 324.93802  ]],

       [[229.87065  , 229.01842  ]],

       [[231.65407  , 309.89896  ]],

       [[231.65407  , 309.89896  ]],

       [[241.2184   , 186.33788  ]],

       [[243.09265  , 176.17117  ]],

       [[244.04951  , 349.0177   ]],

       [[244.24907  , 163.82153  ]],

       [[247.20703  , 344.74112  ]],

       [[249.64433  , 221.2818   ]],

       [[249.97148  , 172.91841  ]],

       [[249.97148  , 172.91841  ]],

       [[254.10858  , 281.90363  ]],

       [[254.59767  , 185.27434  ]],

       [[254.9996   , 182.47923  ]],

       [[255.16417  , 358.11682  ]],

       [[256.80682  , 162.18922  ]],

       [[259.28094  , 262.25894  ]],

       [[260.323    , 282.4231   ]],

       [[260.8745   , 294.01654  ]],

       [[261.8057   , 191.73605  ]],

       [[262.9316   , 350.33276  ]],

       [[263.98016  , 281.04056  ]],

       [[264.2376   , 308.3469   ]],

       [[264.2376   , 308.3469   ]],

       [[265.23233  , 200.41951  ]],

       [[267.28824  , 196.7098   ]],

       [[268.18604  , 298.07755  ]],

       [[270.47336  , 311.30435  ]],

       [[272.28937  , 343.7823   ]],

       [[272.7327   , 339.0264   ]],

       [[278.08127  , 297.7432   ]],

       [[278.50375  , 207.93906  ]],

       [[281.28726  , 183.7271   ]],

       [[283.0229   , 198.27739  ]],

       [[283.0229   , 198.27739  ]],

       [[287.19708  , 189.90845  ]],

       [[287.2303   , 185.95657  ]],

       [[287.2303   , 185.95657  ]],

       [[288.7352   , 215.8283   ]],

       [[288.82922  , 326.59222  ]],

       [[292.28107  , 184.5965   ]],

       [[294.83002  , 190.11842  ]],

       [[295.15866  , 201.683    ]],

       [[299.9074   , 187.48444  ]],

       [[300.30466  , 181.29765  ]],

       [[301.78464  , 206.44115  ]],

       [[308.0869   , 199.67448  ]],

       [[308.94177  , 222.31018  ]],

       [[309.2724   , 185.09271  ]],

       [[314.90695  , 189.82413  ]],

       [[319.34836  , 257.32083  ]],

       [[333.49097  , 263.41208  ]],

       [[333.93527  ,   3.0193508]],

       [[335.18848  , 227.76361  ]],

       [[340.87402  , 263.8441   ]],

       [[346.69778  , 203.55234  ]],

       [[347.61945  , 151.04091  ]],

       [[352.36536  , 255.64256  ]],

       [[352.61853  , 197.95584  ]],

       [[353.65033  , 193.87527  ]],

       [[354.35028  , 143.1347   ]],

       [[354.4603   , 250.51636  ]],

       [[355.1624   , 214.45927  ]],

       [[356.4028   , 154.12181  ]],

       [[358.88916  , 199.19307  ]],

       [[359.60138  , 193.00688  ]],

       [[361.79382  , 206.80026  ]],

       [[361.8184   , 285.22134  ]],

       [[361.8184   , 285.22134  ]],

       [[364.1905   , 313.52054  ]],

       [[365.3455   , 190.72952  ]],

       [[366.14243  , 186.0466   ]],

       [[367.14856  , 194.06052  ]],

       [[369.64966  , 216.85985  ]],

       [[369.8971   , 191.11449  ]],

       [[373.60358  , 306.57993  ]],

       [[376.78818  , 290.7821   ]],

       [[378.1964   , 204.09604  ]],

       [[378.3903   , 192.78961  ]],

       [[390.643    , 177.67923  ]],

       [[391.46707  , 422.8325   ]],

       [[395.62885  , 156.0208   ]],

       [[399.1642   , 166.5589   ]],

       [[401.23343  , 378.2421   ]],

       [[405.47827  , 151.80939  ]],

       [[407.92447  , 379.19083  ]],

       [[407.98712  , 413.74445  ]],

       [[414.9589   , 177.30737  ]],

       [[417.9713   , 343.5447   ]],

       [[419.5574   , 398.8443   ]],

       [[419.5574   , 398.8443   ]],

       [[421.4536   , 202.57018  ]],

       [[424.4262   , 159.09085  ]],

       [[430.16608  , 376.70947  ]],

       [[434.52975  , 269.82407  ]],

       [[437.4937   , 229.64932  ]],

       [[445.59286  , 151.21979  ]],

       [[450.59778  , 212.52225  ]],

       [[456.245    , 202.08395  ]],

       [[457.76996  , 187.34221  ]],

       [[458.58585  , 270.1338   ]],

       [[462.87546  , 223.82404  ]],

       [[470.87067  , 183.577    ]],

       [[472.70395  , 386.15494  ]],

       [[474.39694  , 213.05826  ]],

       [[477.7289   , 186.50307  ]],

       [[492.99982  , 269.75214  ]],

       [[533.33997  , 269.63007  ]],

       [[543.4161   , 208.47946  ]],

       [[564.164    , 221.91872  ]],

       [[565.58154  , 184.0981   ]],

       [[566.04004  , 223.60272  ]],

       [[568.5001   , 197.88554  ]],

       [[575.5453   , 208.28381  ]],

       [[575.59125  , 277.84518  ]],

       [[594.7772   , 144.39415  ]],

       [[597.07007  , 275.43268  ]],

       [[602.11993  , 171.46596  ]],

       [[602.11993  , 171.46596  ]]], dtype=float32)]
dst_2 2:
[array([[[ 46.86106  , 308.12625  ]],

       [[247.4108   , 394.57333  ]],

       [[255.82887  , 256.55493  ]],

       [[ 15.0384245, 256.4576   ]],

       [[495.87918  , 403.55103  ]],

       [[426.09473  , 256.98373  ]],

       [[125.55093  , 270.08868  ]],

       [[ 15.0384245, 256.4576   ]],

       [[188.16476  , 346.20758  ]],

       [[  8.475038 , 229.59616  ]],

       [[ 18.981005 , 348.27432  ]],

       [[ 18.981005 , 348.27432  ]],

       [[ 39.514053 , 249.53682  ]],

       [[ 31.965267 , 333.03622  ]],

       [[ 31.965267 , 333.03622  ]],

       [[ 45.889633 , 204.46858  ]],

       [[ 46.388554 , 195.29082  ]],

       [[ 43.401276 , 373.11154  ]],

       [[ 48.077885 , 185.60841  ]],

       [[ 46.857147 , 368.64786  ]],

       [[ 55.223587 , 242.05339  ]],

       [[ 53.705276 , 192.00313  ]],

       [[ 53.705276 , 192.00313  ]],

       [[ 53.907513 , 304.11163  ]],

       [[ 56.69438  , 204.6622   ]],

       [[ 58.658894 , 202.53809  ]],

       [[ 55.141968 , 382.87967  ]],

       [[ 61.855015 , 183.73502  ]],

       [[ 61.73586  , 284.31757  ]],

       [[ 60.992115 , 304.87357  ]],

       [[ 63.085934 , 316.95425  ]],

       [[ 64.97452  , 212.35811  ]],

       [[ 63.55547  , 374.7791   ]],

       [[ 66.20944  , 303.80875  ]],

       [[ 66.09339  , 331.36963  ]],

       [[ 66.09339  , 331.36963  ]],

       [[ 68.888176 , 221.05203  ]],

       [[ 70.53212  , 217.50854  ]],

       [[ 70.29893  , 320.73718  ]],

       [[ 71.7309   , 334.2705   ]],

       [[ 72.660416 , 367.7229   ]],

       [[ 72.34193  , 361.79886  ]],

       [[ 80.35063  , 321.18085  ]],

       [[ 84.73559  , 229.68782  ]],

       [[ 85.92663  , 204.6438   ]],

       [[ 86.87241  , 220.22392  ]],

       [[ 86.87241  , 220.22392  ]],

       [[ 91.84275  , 211.50427  ]],

       [[ 92.12356  , 207.13785  ]],

       [[ 92.12356  , 207.13785  ]],

       [[ 96.98595  , 238.9673   ]],

       [[ 89.28851  , 350.74173  ]],

       [[ 97.17936  , 204.78091  ]],

       [[ 98.60956  , 211.70929  ]],

       [[100.81669  , 223.63168  ]],

       [[103.81229  , 209.27808  ]],

       [[104.96266  , 203.28093  ]],

       [[106.68882  , 229.00854  ]],

       [[112.747116 , 222.2779   ]],

       [[110.19131  , 245.27425  ]],

       [[113.87398  , 207.25601  ]],

       [[118.974724 , 212.31017  ]],

       [[119.01214  , 280.59167  ]],

       [[159.17119  , 287.24155  ]],

       [[144.12654  ,   3.821006 ]],

       [[139.55478  , 253.19792  ]],

       [[167.90802  , 287.67145  ]],

       [[408.9375   , 228.8727   ]],

       [[152.9728   , 175.01242  ]],

       [[177.19992  , 279.65277  ]],

       [[155.59958  , 222.20456  ]],

       [[156.3607   , 217.29684  ]],

       [[159.39244  , 167.68018  ]],

       [[216.34709  , 256.11624  ]],

       [[157.72452  , 238.48859  ]],

       [[214.16646  , 400.1524   ]],

       [[161.66019  , 223.28348  ]],

       [[162.69765  , 217.09944  ]],

       [[165.34904  , 231.44989  ]],

       [[184.23114  , 309.13095  ]],

       [[184.23114  , 309.13095  ]],

       [[186.90852  , 337.657    ]],

       [[168.56453  , 215.14917  ]],

       [[169.59242  , 211.01723  ]],

       [[170.5837   , 218.95332  ]],

       [[171.4419   , 241.64613  ]],

       [[172.74315  , 216.07878  ]],

       [[195.68996  , 330.5147   ]],

       [[198.71292  , 314.94885  ]],

       [[181.1059   , 228.73575  ]],

       [[181.01276  , 217.85017  ]],

       [[193.75336  , 203.34947  ]],

       [[205.94774  , 441.61032  ]],

       [[200.72052  , 182.22493  ]],

       [[201.20172  , 193.75789  ]],

       [[214.16646  , 400.1524   ]],

       [[209.57716  , 178.60226  ]],

       [[266.41144  , 399.9021   ]],

       [[218.08484  , 433.1126   ]],

       [[217.43771  , 203.85031  ]],

       [[228.96117  , 360.94284  ]],

       [[231.55615  , 423.76825  ]],

       [[231.55615  , 423.76825  ]],

       [[211.35553  , 228.91933  ]],

       [[227.1186   , 186.33363  ]],

       [[242.93733  , 398.9033   ]],

       [[256.48193  , 295.47635  ]],

       [[216.34709  , 256.11624  ]],

       [[249.27571  , 180.11159  ]],

       [[260.35178  , 239.49707  ]],

       [[266.41592  , 229.59369  ]],

       [[267.9319   , 215.56598  ]],

       [[256.48193  , 295.47635  ]],

       [[272.10712  , 251.2729   ]],

       [[280.4886   , 212.63979  ]],

       [[278.62354  , 407.05133  ]],

       [[283.1989   , 241.30739  ]],

       [[286.55182  , 215.1143   ]],

       [[256.48193  , 295.47635  ]],

       [[256.48193  , 295.47635  ]],

       [[343.99377  , 238.57227  ]],

       [[363.4132   , 252.05704  ]],

       [[365.98334  , 216.30893  ]],

       [[366.29547  , 254.60486  ]],

       [[368.52777  , 229.42009  ]],

       [[374.7448   , 239.05931  ]],

       [[382.0735   , 304.3432   ]],

       [[384.7239   , 180.38257  ]],

       [[364.4397   , 403.43304  ]],

       [[389.33777  , 206.29272  ]],

       [[389.33777  , 206.29272  ]]], dtype=float32)]
src_3 1:
[array([[[ 39.059982, 360.62302 ]],

       [[ 40.801052, 240.48225 ]],

       [[ 54.816128, 343.56345 ]],

       [[ 62.66143 , 342.6007  ]],

       [[ 62.66143 , 342.6007  ]],

       [[ 73.43259 , 293.79303 ]],

       [[ 97.20923 , 226.37529 ]],

       [[ 97.48352 , 229.22612 ]],

       [[109.56639 , 225.37788 ]],

       [[109.90208 , 289.84085 ]],

       [[115.184296, 292.5475  ]],

       [[140.15428 , 391.80228 ]],

       [[148.17207 , 225.04001 ]],

       [[175.20903 , 331.13324 ]],

       [[185.8973  , 282.50912 ]],

       [[199.96594 , 281.0591  ]],

       [[216.38455 , 342.61526 ]],

       [[227.27719 , 347.1081  ]],

       [[229.46582 , 215.50478 ]],

       [[233.22685 , 277.627   ]],

       [[235.67094 , 313.47458 ]],

       [[242.40926 , 331.1008  ]],

       [[244.31725 , 320.79288 ]],

       [[244.31725 , 320.79288 ]],

       [[248.00636 , 323.91    ]],

       [[251.70955 , 326.79327 ]],

       [[267.08878 , 314.67712 ]],

       [[267.96808 , 218.58183 ]],

       [[271.5433  , 217.99747 ]],

       [[274.97644 , 215.42674 ]],

       [[275.27335 , 314.91074 ]],

       [[275.43436 , 211.47894 ]],

       [[275.93    , 282.74042 ]],

       [[276.37793 , 201.777   ]],

       [[280.84296 , 201.41115 ]],

       [[283.87604 , 211.56561 ]],

       [[286.21457 , 195.82442 ]],

       [[286.8079  , 197.24535 ]],

       [[288.4368  , 202.02296 ]],

       [[292.4514  , 289.68213 ]],

       [[296.92896 , 283.381   ]],

       [[300.07007 , 326.40375 ]],

       [[301.32373 , 294.6545  ]],

       [[303.29398 , 303.64328 ]],

       [[304.79416 , 267.04413 ]],

       [[306.1866  , 300.46082 ]],

       [[318.1384  , 194.34604 ]],

       [[323.51382 , 194.07722 ]],

       [[324.24512 , 304.63776 ]],

       [[324.24512 , 304.63776 ]],

       [[326.6239  , 313.6059  ]],

       [[328.57428 , 193.57016 ]],

       [[330.4577  , 332.8093  ]],

       [[334.83768 , 320.8609  ]],

       [[340.66257 , 298.1888  ]],

       [[340.99802 , 303.01614 ]],

       [[342.00385 , 332.5174  ]],

       [[345.0073  , 320.54764 ]],

       [[348.2298  , 340.6713  ]],

       [[349.71344 , 325.6926  ]],

       [[351.3655  , 412.2082  ]],

       [[353.6772  , 361.6866  ]],

       [[365.27527 , 327.6913  ]],

       [[370.07178 , 399.87378 ]],

       [[373.05347 , 195.57433 ]],

       [[374.88947 , 199.44656 ]],

       [[378.39285 , 423.11343 ]],

       [[378.825   , 347.48828 ]],

       [[383.0713  , 272.427   ]],

       [[383.0713  , 272.427   ]],

       [[385.56238 , 268.58588 ]],

       [[390.12473 , 305.31705 ]],

       [[391.20554 , 284.54388 ]],

       [[392.92694 , 163.54593 ]],

       [[401.197   , 407.9239  ]],

       [[403.1688  , 262.1097  ]],

       [[408.39532 , 207.105   ]],

       [[408.39532 , 207.105   ]],

       [[413.42715 , 203.0227  ]],

       [[414.99197 , 198.49077 ]],

       [[420.58228 , 202.59485 ]],

       [[428.46545 , 344.02783 ]],

       [[429.02255 , 408.8157  ]],

       [[430.78256 , 398.31436 ]],

       [[432.089   , 190.8294  ]],

       [[432.1214  , 296.89056 ]],

       [[433.16263 , 409.9054  ]],

       [[433.2098  , 389.84708 ]],

       [[437.309   , 203.82143 ]],

       [[440.30063 , 206.09389 ]],

       [[442.46304 , 191.13268 ]],

       [[450.76407 , 332.637   ]],

       [[502.94278 , 198.34741 ]],

       [[512.1832  , 199.98598 ]],

       [[526.1084  , 190.93346 ]],

       [[553.4439  , 196.02174 ]],

       [[556.486   , 192.82906 ]],

       [[571.29144 , 197.16368 ]],

       [[575.7525  , 134.03537 ]],

       [[578.4563  , 139.13684 ]],

       [[584.44257 , 142.05301 ]],

       [[585.9973  , 136.63478 ]],

       [[595.8597  , 255.08138 ]],

       [[607.98926 , 312.26077 ]]], dtype=float32)]
dst_3 2:
[array([[[215.91104  , 190.61919  ]],

       [[215.91104  , 190.61919  ]],

       [[369.438    , 312.49374  ]],

       [[369.438    , 312.49374  ]],

       [[369.438    , 312.49374  ]],

       [[ 14.7307205, 302.27444  ]],

       [[  7.0375633, 237.43494  ]],

       [[ 44.126987 , 238.61438  ]],

       [[  7.0375633, 237.43494  ]],

       [[ 14.7307205, 302.27444  ]],

       [[ 44.126987 , 238.61438  ]],

       [[476.3619   , 229.20753  ]],

       [[ 44.126987 , 238.61438  ]],

       [[130.31628  , 318.2108   ]],

       [[ 14.7307205, 302.27444  ]],

       [[ 14.7307205, 302.27444  ]],

       [[ 62.680183 , 368.08252  ]],

       [[363.41675  , 230.21992  ]],

       [[  7.0375633, 237.43494  ]],

       [[ 34.66972  , 300.5513   ]],

       [[ 79.51446  , 337.46277  ]],

       [[ 87.252396 , 356.10742  ]],

       [[ 96.57391  , 351.2657   ]],

       [[ 88.215416 , 345.15356  ]],

       [[ 92.746704 , 348.61588  ]],

       [[ 96.57391  , 351.2657   ]],

       [[113.17374  , 340.72238  ]],

       [[ 73.90469  , 240.58234  ]],

       [[ 77.17574  , 240.18     ]],

       [[ 81.0222   , 237.91805  ]],

       [[122.06337  , 340.32196  ]],

       [[ 79.41593  , 234.098    ]],

       [[291.8024   , 354.0762   ]],

       [[ 81.20194  , 224.04155  ]],

       [[ 86.00328  , 223.48877  ]],

       [[ 90.51221  , 235.34174  ]],

       [[ 93.50857  , 219.07764  ]],

       [[ 93.50857  , 219.07764  ]],

       [[ 94.14885  , 224.42616  ]],

       [[140.07845  , 314.9777   ]],

       [[143.10875  , 309.81113  ]],

       [[143.07014  , 350.74362  ]],

       [[149.47516  , 319.16345  ]],

       [[151.53891  , 328.54697  ]],

       [[151.25531  , 291.10214  ]],

       [[154.8115   , 325.32748  ]],

       [[120.93836  , 218.13034  ]],

       [[126.41546  , 218.19801  ]],

       [[171.88156  , 329.97095  ]],

       [[171.88156  , 329.97095  ]],

       [[173.0642   , 338.46655  ]],

       [[131.94627  , 218.01805  ]],

       [[176.22183  , 357.906    ]],

       [[181.18446  , 345.36612  ]],

       [[188.88876  , 323.63623  ]],

       [[188.51144  , 328.2729   ]],

       [[187.32071  , 357.38303  ]],

       [[191.27544  , 345.41855  ]],

       [[194.9611   , 365.26224  ]],

       [[196.60716  , 350.61853  ]],

       [[197.33122  , 433.70084  ]],

       [[197.0685   , 386.20428  ]],

       [[212.68109  , 351.9745   ]],

       [[212.92865  , 423.3154   ]],

       [[179.62868  , 221.53087  ]],

       [[181.21136  , 225.3084   ]],

       [[ 38.295017 , 357.33945  ]],

       [[224.1827   , 371.70874  ]],

       [[224.26105  , 297.541    ]],

       [[224.26105  , 297.541    ]],

       [[226.47052  , 293.08554  ]],

       [[231.7726   , 330.99988  ]],

       [[234.39047  , 310.02798  ]],

       [[195.54393  , 190.5054   ]],

       [[238.31174  , 429.98526  ]],

       [[238.0512   , 285.77872  ]],

       [[216.90523  , 233.9319   ]],

       [[216.90523  , 233.9319   ]],

       [[220.48354  , 230.14122  ]],

       [[221.77704  , 225.99898  ]],

       [[227.43248  , 230.0246   ]],

       [[270.0783   , 369.48727  ]],

       [[263.97653  , 431.02127  ]],

       [[265.38647  , 420.03555  ]],

       [[237.25891  , 219.09348  ]],

       [[272.8679   , 321.78143  ]],

       [[268.1704   , 431.43176  ]],

       [[267.87     , 413.13895  ]],

       [[244.95807  , 231.67844  ]],

       [[249.26685  , 234.49449  ]],

       [[249.59795  , 219.72896  ]],

       [[290.78622  , 357.49875  ]],

       [[304.03137  , 228.32724  ]],

       [[311.64346  , 231.1243   ]],

       [[323.7029   , 222.44472  ]],

       [[348.62683  , 228.1276   ]],

       [[351.7162   , 225.65596  ]],

       [[363.41675  , 230.21992  ]],

       [[360.1627   , 170.58282  ]],

       [[362.6394   , 175.63037  ]],

       [[367.81442  , 178.48824  ]],

       [[369.1246   , 173.1247   ]],

       [[376.23987  , 283.72708  ]],

       [[386.3146   , 337.1838   ]]], dtype=float32)]
